# Graph with ~100 vertices (0..99)
# Sparse-ish layered connections; format: u v capacity
# Source suggested: 0, Sink suggested: 99
0 1 10
0 2 12
0 3 8
1 4 7
1 5 9
2 5 10
2 6 6
3 6 11
3 7 5
4 8 10
5 8 8
5 9 7
6 9 9
6 10 6
7 10 10
7 11 7
8 12 12
9 12 9
9 13 5
10 13 8
10 14 7
11 14 6
11 15 8
12 16 11
13 16 7
13 17 6
14 17 10
14 18 5
15 18 7
15 19 6
16 20 12
17 20 8
17 21 6
18 21 9
18 22 7
19 22 8
19 23 6
20 24 10
21 24 8
21 25 6
22 25 9
22 26 7
23 26 8
23 27 6
24 28 10
25 28 8
25 29 6
26 29 9
26 30 7
27 30 8
27 31 6
28 32 10
29 32 8
29 33 6
30 33 9
30 34 7
31 34 8
31 35 6
32 36 10
33 36 8
33 37 6
34 37 9
34 38 7
35 38 8
35 39 6
36 40 10
37 40 8
37 41 6
38 41 9
38 42 7
39 42 8
39 43 6
40 44 10
41 44 8
41 45 6
42 45 9
42 46 7
43 46 8
43 47 6
44 48 10
45 48 8
45 49 6
46 49 9
46 50 7
47 50 8
47 51 6
48 52 10
49 52 8
49 53 6
50 53 9
50 54 7
51 54 8
51 55 6
52 56 10
53 56 8
53 57 6
54 57 9
54 58 7
55 58 8
55 59 6
56 60 10
57 60 8
57 61 6
58 61 9
58 62 7
59 62 8
59 63 6
60 64 10
61 64 8
61 65 6
62 65 9
62 66 7
63 66 8
63 67 6
64 68 10
65 68 8
65 69 6
66 69 9
66 70 7
67 70 8
67 71 6
68 72 10
69 72 8
69 73 6
70 73 9
70 74 7
71 74 8
71 75 6
72 76 10
73 76 8
73 77 6
74 77 9
74 78 7
75 78 8
75 79 6
76 80 10
77 80 8
77 81 6
78 81 9
78 82 7
79 82 8
79 83 6
80 84 10
81 84 8
81 85 6
82 85 9
82 86 7
83 86 8
83 87 6
84 88 10
85 88 8
85 89 6
86 89 9
86 90 7
87 90 8
87 91 6
88 92 10
89 92 8
89 93 6
90 93 9
90 94 7
91 94 8
91 95 6
92 96 10
93 96 8
93 97 6
94 97 9
94 98 7
95 98 8
95 99 6
98 99 10
